00:18:47.665 <00000>      0      0    565      0      0      0      0      0      0      0
00:18:48.672 <00000>      0      0    565      0      0      0      0      0      0      0
00:18:49.684 <00000>      0      0    565      0      0      0      0      0      0      0
00:18:50.696 <00000>      0      0    565      0      0      0      0      0      0      0
00:18:51.711 <00000>      0      0    565      0      0      0      0      0      0      0
00:18:52.714 <00000>      0      0    565      0      0      0      0      0      0      0
00:18:53.718 <00000>      0      5    565      0      0      0      0      0      0      0
00:18:54.729 <00000>      0      5    565      0      0      0      0      0      0      0
00:18:55.736 <00000>      0      5    565      0      0      0      0      0      0      0
00:18:56.749 <00000>      0      5    565      0      0      0      0      0      0      0
00:18:57.742 <00000>      0      5    565      0      0      0      0      0      0      0
00:18:58.745 <00000>      0      5    565      0      0      0      0      0      0      0
00:18:59.752 <00000>      0      5    565      0      0      0      0      0      0      0
00:19:00.760 <00000>      0      5    565      0      0      0      0      0      0      0
00:19:01.766 <00000>      0      5    565      0      0      0      0      0      0      0
00:19:02.773 <00000>      0      5    565      0      0      0      0      0      0      0
00:19:03.778 <00000>      0      5    565      0      0      0      0      0      0      0
00:19:04.785 <00000>      0      5    565      0      0      0      0      0      0      0
00:19:05.786 <00000>      0      5    565      0      0      0      0      0      0      0
00:19:06.800 <00000>      0      5    565      0      0      0      0      0      0      0
00:19:07.811 <00000>      0      5    565      0      0      0      0      0      0      0
00:19:08.821 <00000>      0      5    565      0      0      0      0      0      0      0
00:19:09.830 <00000>      0      5    565      0      0      0      0      0      0      0
00:19:10.843 <00000>      0      5    565      0      0      0      0      0      0      0
00:19:11.847 <00000>      0      5    565      0      0      0      0      0      0      0
00:19:12.855 <00000>      0      5    565      0      0      0      0      0      0      0
00:19:13.864 <00000>      0      5    565      0      0      0      0      0      0      0
00:19:14.873 <00000>      0      5    565      0      0      0      0      0      0      0
00:19:15.879 <00000>      0      5    565      0      0      0      0      0      0      0
00:19:16.887 <00000>      0      5    565      0      0      0      0      0      0      0
00:19:17.896 <00000>      0      5    565      0      0      0      0      0      0      0
00:19:18.935 <00000>      0      5    565      0      0      0      0      0      0      0
00:19:19.914 <00000>      0      5    565      0      0      0      0      0      0      0
00:19:20.917 <00000>      0      5    565      0      0      0      0      0      0      0
00:19:21.926 <00000>      0      5    565      0      0      0      0      0      0      0
00:19:22.936 <00000>      0      5    565      0      0      0      0      0      0      0
00:19:23.944 <00000>      0      5    565      0      0      0      0      0      0      0
00:19:24.959 <00000>      0      5    565      0      0      0      0      0      0      0
00:19:25.964 <00000>      0      5    565      0      0      0      0      0      0      0
00:19:26.971 <00000>      0      5    565      0      0      0      0      0      0      0
00:19:27.986 <00000>      0      5    565      0      0      0      0      0      0      0
00:19:29.023 <00000>      0      5    565      0      0      0      0      0      0      0
00:19:30.010 <00000>      0      5    565      0      0      0      0      0      0      0
00:19:31.018 <00000>      0      5    565      0      0      0      0      0      0      0
00:19:32.020 <00000>      0      5    565      0      0      0      0      0      0      0
